[
    {
        "camera": {
            "model": {
                "vc": 244.8874, 
                "fu": 604.6687, 
                "fv": 605.6548, 
                "distortion": [
                    0.1222235, 
                    -0.1980609, 
                    -0.1737873
                ], 
                "type": "poly3", 
                "uc": 311.413
            }, 
            "serialNumber": "552206000285", 
            "type": "rgb", 
            "description": "left position on the rig", 
            "T_rc": {
                "t_xyz": [
                    0, 
                    0, 
                    0
                ], 
                "R_3x3": [
                    1, 
                    0, 
                    0, 
                    0, 
                    1, 
                    0, 
                    0, 
                    0, 
                    1
                ]
            }
        }
    }, 
    {
        "camera": {
            "description": "left position on the rig", 
            "type": "ir", 
            "serialNumber": "552206000285", 
            "depthScaleVsDepthModel": [
                0.0, 
                1.0
            ], 
            "depthScale": "depthCalib_552206000285.png", 
            "T_rc": {
                "t_xyz": [
                    0, 
                    0, 
                    0
                ], 
                "R_3x3": [
                    1, 
                    0, 
                    0, 
                    0, 
                    1, 
                    0, 
                    0, 
                    0, 
                    1
                ]
            }, 
            "model": {
                "vc": 244.8874, 
                "fu": 604.6687, 
                "fv": 605.6548, 
                "distortion": [
                    0.1222235, 
                    -0.1980609, 
                    -0.1737873
                ], 
                "type": "poly3", 
                "uc": 311.413
            }, 
            "depthSensorUniformScale": 0.0001
        }
    }, 
    {
        "camera": {
            "model": {
                "vc": 233.0842, 
                "fu": 607.8355, 
                "fv": 607.1657, 
                "distortion": [
                    0.1408012, 
                    -0.2478766, 
                    -0.1354085
                ], 
                "type": "poly3", 
                "uc": 311.2021
            }, 
            "serialNumber": "552206001889", 
            "type": "rgb", 
            "description": "bottom position on the rig", 
            "T_rc": {
                "t_xyz": [
                    -0.0009437669, 
                    -0.3721086, 
                    0.4024695
                ], 
                "R_3x3": [
                    -0.00112302, 
                    -0.9996219, 
                    0.02747364, 
                    -0.04976852, 
                    0.02749548, 
                    0.9983822, 
                    -0.9987601, 
                    -0.0002461195, 
                    -0.04978058
                ]
            }
        }
    }, 
    {
        "camera": {
            "description": "bottom position on the rig", 
            "type": "ir", 
            "serialNumber": "552206001889", 
            "depthScaleVsDepthModel": [
                0.0, 
                1.0
            ], 
            "depthScale": "depthCalib_552206001889.png", 
            "T_rc": {
                "t_xyz": [
                    -0.0009437669, 
                    -0.3721086, 
                    0.4024695
                ], 
                "R_3x3": [
                    -0.00112302, 
                    -0.9996219, 
                    0.02747364, 
                    -0.04976852, 
                    0.02749548, 
                    0.9983822, 
                    -0.9987601, 
                    -0.0002461195, 
                    -0.04978058
                ]
            }, 
            "model": {
                "vc": 233.0842, 
                "fu": 607.8355, 
                "fv": 607.1657, 
                "distortion": [
                    0.1408012, 
                    -0.2478766, 
                    -0.1354085
                ], 
                "type": "poly3", 
                "uc": 311.2021
            }, 
            "depthSensorUniformScale": 0.0001
        }
    }, 
    {
        "camera": {
            "model": {
                "vc": 240.4757, 
                "fu": 602.9402, 
                "fv": 603.4058, 
                "distortion": [
                    0.1301081, 
                    -0.3398103, 
                    0.1587851
                ], 
                "type": "poly3", 
                "uc": 315.0801
            }, 
            "serialNumber": "616203001754", 
            "type": "rgb", 
            "description": "right position on the rig", 
            "T_rc": {
                "t_xyz": [
                    0.00629773, 
                    0.03834924, 
                    0.7494897
                ], 
                "R_3x3": [
                    -0.999568, 
                    0.0163509, 
                    0.02442356, 
                    0.01199758, 
                    0.9855774, 
                    -0.1687996, 
                    -0.02683133, 
                    -0.1684337, 
                    -0.9853477
                ]
            }
        }
    }, 
    {
        "camera": {
            "description": "right position on the rig", 
            "type": "ir", 
            "serialNumber": "616203001754", 
            "depthScaleVsDepthModel": [
                0.0, 
                1.0
            ], 
            "depthScale": "depthCalib_616203001754.png", 
            "T_rc": {
                "t_xyz": [
                    0.00629773, 
                    0.03834924, 
                    0.7494897
                ], 
                "R_3x3": [
                    -0.999568, 
                    0.0163509, 
                    0.02442356, 
                    0.01199758, 
                    0.9855774, 
                    -0.1687996, 
                    -0.02683133, 
                    -0.1684337, 
                    -0.9853477
                ]
            }, 
            "model": {
                "vc": 240.4757, 
                "fu": 602.9402, 
                "fv": 603.4058, 
                "distortion": [
                    0.1301081, 
                    -0.3398103, 
                    0.1587851
                ], 
                "type": "poly3", 
                "uc": 315.0801
            }, 
            "depthSensorUniformScale": 0.0001
        }
    }, 
    {
        "camera": {
            "model": {
                "vc": 233.4844, 
                "fu": 612.4567, 
                "fv": 612.3383, 
                "distortion": [
                    0.1361814, 
                    -0.3155891, 
                    0.06292057
                ], 
                "type": "poly3", 
                "uc": 317.2011
            }, 
            "serialNumber": "612201006391", 
            "type": "rgb", 
            "description": "top position on the rig", 
            "T_rc": {
                "t_xyz": [
                    0.005008831, 
                    0.3875473, 
                    0.3541869
                ], 
                "R_3x3": [
                    0.00121935, 
                    -0.9995145, 
                    0.03113269, 
                    0.0398732, 
                    -0.03105936, 
                    -0.9987219, 
                    0.999204, 
                    0.002459152, 
                    0.03981597
                ]
            }
        }
    }, 
    {
        "camera": {
            "description": "top position on the rig", 
            "type": "ir", 
            "serialNumber": "612201006391", 
            "depthScaleVsDepthModel": [
                0.0, 
                1.0
            ], 
            "depthScale": "depthCalib_612201006391.png", 
            "T_rc": {
                "t_xyz": [
                    0.005008831, 
                    0.3875473, 
                    0.3541869
                ], 
                "R_3x3": [
                    0.00121935, 
                    -0.9995145, 
                    0.03113269, 
                    0.0398732, 
                    -0.03105936, 
                    -0.9987219, 
                    0.999204, 
                    0.002459152, 
                    0.03981597
                ]
            }, 
            "model": {
                "vc": 233.4844, 
                "fu": 612.4567, 
                "fv": 612.3383, 
                "distortion": [
                    0.1361814, 
                    -0.3155891, 
                    0.06292057
                ], 
                "type": "poly3", 
                "uc": 317.2011
            }, 
            "depthSensorUniformScale": 0.0001
        }
    },
]   
