[
{
  "camera":{
    "model" : {
      "type" : "poly3",
      "fu" : 604.6687, 
      "fv" : 605.6548,
      "uc" : 311.413,
      "vc" : 244.8874,
      "distortion" : [0.1222235,-0.1980609, -0.1737873]
    },
    "type" : "rgb",
    "serialNumber" : "552206000285",
    "description" : "left position on the rig",
    "T_rc" : {
      "R_3x3" : [1, 0, 0, 0, 1, 0, 0, 0, 1], 
      "t_xyz" : [0, 0, 0 ] 
    }
  }
},
{
  "camera":{
    "model" : {
      "type" : "poly3",
      "fu" : 604.6687, 
      "fv" : 605.6548,
      "uc" : 311.413,
      "vc" : 244.8874,
      "distortion" : [0.1222235,-0.1980609, -0.1737873]
    },
    "type" : "ir",
    "depthSensorUniformScale" : 0.0001,
    "depthScale" : "depthCalib_552206000285.png",
    "depthScaleVsDepthModel" : [0.0, 1.0],
    "serialNumber" : "552206000285",
    "description" : "left position on the rig",
    "T_rc" : {
      "R_3x3" : [1, 0, 0, 0, 1, 0, 0, 0, 1], 
      "t_xyz" : [0, 0, 0 ] 
    }
  }
},
{
  "camera" : {
    "model":{
      "type" : "poly3",
      "fu" : 607.8355,
      "fv" : 607.1657,
      "uc" : 311.2021,
      "vc" : 233.0842,
      "distortion" : [0.1408012,-0.2478766,-0.1354085]
    },
    "type" : "rgb",
    "serialNumber" : "552206001889",
    "description" : "bottom position on the rig",
    "T_rc" : {
      "R_3x3" : [ -0.002634469, -0.9995517, 0.02982371,-0.05554358, 0.02992404, 0.9980077,-0.9984528, 0.0009727049, -0.05559752],
      "t_xyz" : [  0.002019897, -0.3714552, 0.4044054 ] 
    }
  }
},
{
  "camera" : {
    "model":{
      "type" : "poly3",
      "fu" : 607.8355,
      "fv" : 607.1657,
      "uc" : 311.2021,
      "vc" : 233.0842,
      "distortion" : [0.1408012,-0.2478766,-0.1354085]
    },
    "type" : "ir",
    "depthSensorUniformScale" : 0.0001,
    "depthScale" : "depthCalib_552206001889.png",
    "depthScaleVsDepthModel" : [0.0, 1.0],
    "serialNumber" : "552206001889",
    "description" : "bottom position on the rig",
    "T_rc" : {
      "R_3x3" : [ -0.002634469, -0.9995517, 0.02982371,-0.05554358, 0.02992404, 0.9980077,-0.9984528, 0.0009727049, -0.05559752],
      "t_xyz" : [  0.002019897, -0.3714552, 0.4044054 ] 
    }
  }
},
{
  "camera" : {
    "model":{
      "type" : "poly3",
      "fu" : 602.9402,
      "fv" : 603.4058,
      "uc" : 315.0801,
      "vc" : 240.4757,
      "distortion" : [0.1301081, -0.3398103, 0.1587851 ]
    },
    "type" : "rgb",
    "serialNumber" : "616203001754",
    "description" : "right position on the rig",
    "T_rc" : {
      "R_3x3" : [ -0.9999434, 0.009775691, 0.00420928, 0.00892742, 0.9856804, -0.1683881,  -0.005795114, -0.1683409, -0.9857118],
      "t_xyz" : [0.006813814, 0.04059064,  0.7491457]
    }
  }
},
{
  "camera" : {
    "model":{
      "type" : "poly3",
      "fu" : 602.9402,
      "fv" : 603.4058,
      "uc" : 315.0801,
      "vc" : 240.4757,
      "distortion" : [0.1301081, -0.3398103, 0.1587851 ]
    },
    "type" : "ir",
    "depthSensorUniformScale" : 0.0001,
    "depthScale" : "depthCalib_616203001754.png",
    "depthScaleVsDepthModel" : [0.0, 1.0],
    "serialNumber" : "616203001754",
    "description" : "right position on the rig",
    "T_rc" : {
      "R_3x3" : [ -0.9999434, 0.009775691, 0.00420928, 0.00892742, 0.9856804, -0.1683881,  -0.005795114, -0.1683409, -0.9857118],
      "t_xyz" : [0.006813814, 0.04059064,  0.7491457]
    }
  }
},
{
  "camera" : {
    "model":{
      "type" : "poly3",
      "fu" : 612.4567,
      "fv" : 612.3383,
      "uc" : 317.2011,
      "vc" : 233.4844,
      "distortion" : [0.1361814, -0.3155891, 0.06292057 ]
    },
    "type" : "rgb",
    "serialNumber" : "612201006391",
    "description" : "top position on the rig",
    "T_rc" : { 
      "R_3x3" : [0.003055238, -0.9997972, 0.01990771, 0.04758463, -0.0197399, -0.9986721, 0.9988625, 0.003998482, 0.04751467],
      "t_xyz" : [0.005943864, 0.389985,  0.3545767 ]
    }
  }
},
{
  "camera" : {
    "model":{
      "type" : "poly3",
      "fu" : 612.4567,
      "fv" : 612.3383,
      "uc" : 317.2011,
      "vc" : 233.4844,
      "distortion" : [0.1361814, -0.3155891, 0.06292057 ]
    },
    "type" : "ir",
    "depthSensorUniformScale" : 0.0001,
    "depthScale" : "depthCalib_612201006391.png",
    "depthScaleVsDepthModel" : [0.0, 1.0],
    "serialNumber" : "612201006391",
    "description" : "top position on the rig",
    "T_rc" : { 
      "R_3x3" : [0.003055238, -0.9997972, 0.01990771, 0.04758463, -0.0197399, -0.9986721, 0.9988625, 0.003998482, 0.04751467],
      "t_xyz" : [0.005943864, 0.389985,  0.3545767 ]
    }
  }
},
]

