[
{
  "camera":{
    "model" : {
      "type" : "poly3",
      "fu" : 604.6687, 
      "fv" : 605.6548,
      "uc" : 311.413,
      "vc" : 244.8874,
      "distortion" : [0.1222235,-0.1980609, -0.1737873]
    },
    "type" : "rgb",
    "serialNumber" : "552206000285",
    "description" : "left position on the rig",
    "T_rc" : {
      "R_3x3" : [1, 0, 0, 0, 1, 0, 0, 0, 1], 
      "t_xyz" : [0, 0, 0 ] 
    }
  }
},
{
  "camera":{
    "model" : {
      "type" : "poly3",
      "fu" : 604.6687, 
      "fv" : 605.6548,
      "uc" : 311.413,
      "vc" : 244.8874,
      "distortion" : [0.1222235,-0.1980609, -0.1737873]
    },
    "type" : "ir",
    "depthSensorUniformScale" : 0.0001,
    "depthScale" : "depthCalib_552206000285.png",
    "depthScaleVsDepthModel" : [0.0, 1.0],
    "serialNumber" : "552206000285",
    "description" : "left position on the rig",
    "T_rc" : {
      "R_3x3" : [1, 0, 0, 0, 1, 0, 0, 0, 1], 
      "t_xyz" : [0, 0, 0 ] 
    }
  }
},
{
  "camera" : {
    "model":{
      "type" : "poly3",
      "fu" : 607.8355,
      "fv" : 607.1657,
      "uc" : 311.2021,
      "vc" : 233.0842,
      "distortion" : [0.1408012,-0.2478766,-0.1354085]
    },
    "type" : "rgb",
    "serialNumber" : "552206001889",
    "description" : "bottom position on the rig",
    "T_rc" : {
      "R_3x3" : [0.03532379, -0.9963865, 0.07724082, -0.4860941, 0.05040033, 0.8724519, -0.8731923, -0.06836462, -0.4825573],
      "t_xyz" : [-0.02222344,-0.6874355,1.166841 ] 
    }
  }
},
{
  "camera" : {
    "model":{
      "type" : "poly3",
      "fu" : 607.8355,
      "fv" : 607.1657,
      "uc" : 311.2021,
      "vc" : 233.0842,
      "distortion" : [0.1408012,-0.2478766,-0.1354085]
    },
    "type" : "ir",
    "depthSensorUniformScale" : 0.0001,
    "depthScale" : "depthCalib_552206001889.png",
    "depthScaleVsDepthModel" : [0.0, 1.0],
    "serialNumber" : "552206001889",
    "description" : "bottom position on the rig",
    "T_rc" : {
      "R_3x3" : [0.03532379, -0.9963865, 0.07724082, -0.4860941, 0.05040033, 0.8724519, -0.8731923, -0.06836462, -0.4825573],
      "t_xyz" : [-0.02222344,-0.6874355,1.166841 ] 
    }
  }
},
{
  "camera" : {
    "model":{
      "type" : "poly3",
      "fu" : 602.9402,
      "fv" : 603.4058,
      "uc" : 315.0801,
      "vc" : 240.4757,
      "distortion" : [0.1301081, -0.3398103, 0.1587851 ]
    },
    "type" : "rgb",
    "serialNumber" : "616203001754",
    "description" : "right position on the rig",
    "T_rc" : {
      "R_3x3" : [-0.9987852, 0.04611494, -0.01736273, 0.04077082, 0.5755154, -0.816774, -0.02767296, -0.8164897, -0.5766964],
      "t_xyz" : [-0.001469749,0.6661732,1.195515 ]
    }
  }
},
{
  "camera" : {
    "model":{
      "type" : "poly3",
      "fu" : 602.9402,
      "fv" : 603.4058,
      "uc" : 315.0801,
      "vc" : 240.4757,
      "distortion" : [0.1301081, -0.3398103, 0.1587851 ]
    },
    "type" : "ir",
    "depthSensorUniformScale" : 0.0001,
    "depthScale" : "depthCalib_616203001754.png",
    "depthScaleVsDepthModel" : [0.0, 1.0],
    "serialNumber" : "616203001754",
    "description" : "right position on the rig",
    "T_rc" : {
      "R_3x3" : [-0.9987852, 0.04611494, -0.01736273, 0.04077082, 0.5755154, -0.816774, -0.02767296, -0.8164897, -0.5766964],
      "t_xyz" : [-0.001469749,0.6661732,1.195515 ]
    }
  }
},
]

