[
{
  "camera":{
    "model" : {
      "type" : "poly3",
      "fu" : 608.6531, 
      "fv" : 605.0948,
      "uc" : 312.374,
      "vc" : 232.275,
      "distortion" : [ 0.06097317, 0.2642427, -1.545947]
    },
    "type" : "rgb",
    "serialNumber" : "552206000285",
    "description" : "left position on the rig",
    "T_rc" : {
      "R_3x3" : [1, 0, 0, 0, 1, 0, 0, 0, 1], 
      "t_xyz" : [0, 0, 0 ] 
    }
  }
},
{
  "camera":{
    "model" : {
      "type" : "poly3",
      "fu" : 604.1512,
      "fv" : 604.4231,
      "uc" : 309.8246,
      "vc" : 243.9428,
      "distortion" : [ 0.159408, -0.3947821, 0.1948705]
    },
    "type" : "ir",
    "depthSensorUniformScale" : 0.0001,
    "depthScale" : "depthCalib_552206000285.png",
    "depthScaleVsDepthModel" : [0.0, 1.0],
    "serialNumber" : "552206000285",
    "description" : "left position on the rig",
    "T_rc" : {
      "R_3x3" : [1, 0, 0, 0, 1, 0, 0, 0, 1], 
      "t_xyz" : [0, 0, 0 ] 
    }
  }
},
{
  "camera" : {
    "model":{
      "type" : "poly3",
      "fu" : 605.0147,
      "fv" : 608.3975,
      "uc" : 312.4828,
      "vc" : 237.5317,
      "distortion" : [0.1316211, -0.2146529, -0.2394307]
    },
    "type" : "rgb",
    "serialNumber" : "552206001889",
    "description" : "bottom position on the rig",
    "T_rc" : {
      "R_3x3" : [ 0.02794699, -0.996941, 0.0729911, -0.514029, 0.04829264, 0.8564123, -0.8573174, -0.06145368, -0.5111069 ],
      "t_xyz" : [ -0.02552234, -0.6616218, 1.197747 ] 
    }
  }
},
{
  "camera" : {
    "model":{
      "type" : "poly3",
      "fu" : 605.0147,
      "fv" : 608.3975,
      "uc" : 312.4828,
      "vc" : 237.5317,
      "distortion" : [0.1316211, -0.2146529, -0.2394307]
    },
    "type" : "ir",
    "depthSensorUniformScale" : 0.0001,
    "depthScale" : "depthCalib_552206001889.png",
    "depthScaleVsDepthModel" : [0.0, 1.0],
    "serialNumber" : "552206001889",
    "description" : "bottom position on the rig",
    "T_rc" : {
      "R_3x3" : [ 0.02794699, -0.996941, 0.0729911, -0.514029, 0.04829264, 0.8564123, -0.8573174, -0.06145368, -0.5111069 ],
      "t_xyz" : [ -0.02552234, -0.6616218, 1.197747 ] 
    }
  }
},
{
  "camera" : {
    "model":{
      "type" : "poly3",
      "fu" : 603.2956,
      "fv" : 604.563,
      "uc" : 317.4311,
      "vc" : 235.5336,
      "distortion" : [-0.135445, -0.2637459, -0.01646956]
    },
    "type" : "rgb",
    "serialNumber" : "616203001754",
    "description" : "right position on the rig",
    "T_rc" : {
      "R_3x3" : [-0.9962953, 0.08493489, -0.01348024,  0.05568908, 0.5177423, -0.8537222,-0.06553151, -0.8513101, -0.5205542],
      "t_xyz" : [ -0.004505773,  0.7815003, 1.174658]
    }
  }
},
{
  "camera" : {
    "model":{
      "type" : "poly3",
      "fu" : 603.2956,
      "fv" : 604.563,
      "uc" : 317.4311,
      "vc" : 235.5336,
      "distortion" : [-0.135445, -0.2637459, -0.01646956]
    },
    "type" : "ir",
    "depthSensorUniformScale" : 0.0001,
    "depthScale" : "depthCalib_616203001754.png",
    "depthScaleVsDepthModel" : [0.0, 1.0],
    "serialNumber" : "616203001754",
    "description" : "right position on the rig",
    "T_rc" : {
      "R_3x3" : [-0.9962953, 0.08493489, -0.01348024,  0.05568908, 0.5177423, -0.8537222,-0.06553151, -0.8513101, -0.5205542],
      "t_xyz" : [ -0.004505773,  0.7815003, 1.174658]
    }
  }
},
]

