[
    {
        "camera": {
            "model": {
                "vc": 244.8874, 
                "fu": 604.6687, 
                "fv": 605.6548, 
                "distortion": [
                    0.1222235, 
                    -0.1980609, 
                    -0.1737873
                ], 
                "type": "poly3", 
                "uc": 311.413
            }, 
            "serialNumber": "552206000285", 
            "type": "rgb", 
            "description": "left position on the rig", 
            "T_rc": {
                "t_xyz": [
                    0, 
                    0, 
                    0
                ], 
                "R_3x3": [
                    1, 
                    0, 
                    0, 
                    0, 
                    1, 
                    0, 
                    0, 
                    0, 
                    1
                ]
            }
        }
    }, 
    {
        "camera": {
            "description": "left position on the rig", 
            "type": "ir", 
            "serialNumber": "552206000285", 
            "depthScaleVsDepthModel": [
                0.0, 
                1.0
            ], 
            "depthScale": "depthCalib_552206000285.png", 
            "T_rc": {
                "t_xyz": [
                    0, 
                    0, 
                    0
                ], 
                "R_3x3": [
                    1, 
                    0, 
                    0, 
                    0, 
                    1, 
                    0, 
                    0, 
                    0, 
                    1
                ]
            }, 
            "model": {
                "vc": 244.8874, 
                "fu": 604.6687, 
                "fv": 605.6548, 
                "distortion": [
                    0.1222235, 
                    -0.1980609, 
                    -0.1737873
                ], 
                "type": "poly3", 
                "uc": 311.413
            }, 
            "depthSensorUniformScale": 0.0001
        }
    }, 
    {
        "camera": {
            "model": {
                "vc": 233.0842, 
                "fu": 607.8355, 
                "fv": 607.1657, 
                "distortion": [
                    0.1408012, 
                    -0.2478766, 
                    -0.1354085
                ], 
                "type": "poly3", 
                "uc": 311.2021
            }, 
            "serialNumber": "552206001889", 
            "type": "rgb", 
            "description": "bottom position on the rig", 
            "T_rc": {
                "t_xyz": [
                    -0.0002698708, 
                    -0.3711027, 
                    0.4041348
                ], 
                "R_3x3": [
                    -0.0005898015, 
                    -0.9998345, 
                    0.0181841, 
                    -0.05498683, 
                    0.01818901, 
                    0.9983214, 
                    -0.9984869, 
                    -0.0004110745, 
                    -0.05498846
                ]
            }
        }
    }, 
    {
        "camera": {
            "description": "bottom position on the rig", 
            "type": "ir", 
            "serialNumber": "552206001889", 
            "depthScaleVsDepthModel": [
                0.0, 
                1.0
            ], 
            "depthScale": "depthCalib_552206001889.png", 
            "T_rc": {
                "t_xyz": [
                    -0.0002698708, 
                    -0.3711027, 
                    0.4041348
                ], 
                "R_3x3": [
                    -0.0005898015, 
                    -0.9998345, 
                    0.0181841, 
                    -0.05498683, 
                    0.01818901, 
                    0.9983214, 
                    -0.9984869, 
                    -0.0004110745, 
                    -0.05498846
                ]
            }, 
            "model": {
                "vc": 233.0842, 
                "fu": 607.8355, 
                "fv": 607.1657, 
                "distortion": [
                    0.1408012, 
                    -0.2478766, 
                    -0.1354085
                ], 
                "type": "poly3", 
                "uc": 311.2021
            }, 
            "depthSensorUniformScale": 0.0001
        }
    }, 
    {
        "camera": {
            "model": {
                "vc": 240.4757, 
                "fu": 602.9402, 
                "fv": 603.4058, 
                "distortion": [
                    0.1301081, 
                    -0.3398103, 
                    0.1587851
                ], 
                "type": "poly3", 
                "uc": 315.0801
            }, 
            "serialNumber": "616203001754", 
            "type": "rgb", 
            "description": "right position on the rig", 
            "T_rc": {
                "t_xyz": [
                    0.006622899, 
                    0.04089899, 
                    0.7494234
                ], 
                "R_3x3": [
                    -0.9996527, 
                    0.01265031, 
                    0.02311668, 
                    0.008439054, 
                    0.9847203, 
                    -0.1739389, 
                    -0.02496384, 
                    -0.1736834, 
                    -0.9844851
                ]
            }
        }
    }, 
    {
        "camera": {
            "description": "right position on the rig", 
            "type": "ir", 
            "serialNumber": "616203001754", 
            "depthScaleVsDepthModel": [
                0.0, 
                1.0
            ], 
            "depthScale": "depthCalib_616203001754.png", 
            "T_rc": {
                "t_xyz": [
                    0.006622899, 
                    0.04089899, 
                    0.7494234
                ], 
                "R_3x3": [
                    -0.9996527, 
                    0.01265031, 
                    0.02311668, 
                    0.008439054, 
                    0.9847203, 
                    -0.1739389, 
                    -0.02496384, 
                    -0.1736834, 
                    -0.9844851
                ]
            }, 
            "model": {
                "vc": 240.4757, 
                "fu": 602.9402, 
                "fv": 603.4058, 
                "distortion": [
                    0.1301081, 
                    -0.3398103, 
                    0.1587851
                ], 
                "type": "poly3", 
                "uc": 315.0801
            }, 
            "depthSensorUniformScale": 0.0001
        }
    }, 
    {
        "camera": {
            "model": {
                "vc": 233.4844, 
                "fu": 612.4567, 
                "fv": 612.3383, 
                "distortion": [
                    0.1361814, 
                    -0.3155891, 
                    0.06292057
                ], 
                "type": "poly3", 
                "uc": 317.2011
            }, 
            "serialNumber": "612201006391", 
            "type": "rgb", 
            "description": "top position on the rig", 
            "T_rc": {
                "t_xyz": [
                    0.004313231, 
                    0.3876579, 
                    0.3545899
                ], 
                "R_3x3": [
                    0.00369366, 
                    -0.9994534, 
                    0.03285197, 
                    0.03888913, 
                    -0.03268378, 
                    -0.9987089, 
                    0.9992367, 
                    0.004966476, 
                    0.03874715
                ]
            }
        }
    }, 
    {
        "camera": {
            "description": "top position on the rig", 
            "type": "ir", 
            "serialNumber": "612201006391", 
            "depthScaleVsDepthModel": [
                0.0, 
                1.0
            ], 
            "depthScale": "depthCalib_612201006391.png", 
            "T_rc": {
                "t_xyz": [
                    0.004313231, 
                    0.3876579, 
                    0.3545899
                ], 
                "R_3x3": [
                    0.00369366, 
                    -0.9994534, 
                    0.03285197, 
                    0.03888913, 
                    -0.03268378, 
                    -0.9987089, 
                    0.9992367, 
                    0.004966476, 
                    0.03874715
                ]
            }, 
            "model": {
                "vc": 233.4844, 
                "fu": 612.4567, 
                "fv": 612.3383, 
                "distortion": [
                    0.1361814, 
                    -0.3155891, 
                    0.06292057
                ], 
                "type": "poly3", 
                "uc": 317.2011
            }, 
            "depthSensorUniformScale": 0.0001
        }
    },
]