[
{
  "camera":{
    "model" : {
      "type" : "poly3",
      "fu" : 604.1512,
      "fv" : 604.4231,
      "uc" : 309.8246,
      "vc" : 243.9428,
      "distortion" : [ 0.159408, -0.3947821, 0.1948705]
    },
    "type" : "rgb",
    "serialNumber" : "552206000285",
    "description" : "left position on the rig",
    "T_rc" : {
      "R_3x3" : [1, 0, 0, 0, 1, 0, 0, 0, 1], 
      "t_xyz" : [0, 0, 0 ] 
    }
  }
},
{
  "camera":{
    "model" : {
      "type" : "poly3",
      "fu" : 604.1512,
      "fv" : 604.4231,
      "uc" : 309.8246,
      "vc" : 243.9428,
      "distortion" : [ 0.159408, -0.3947821, 0.1948705]
    },
    "type" : "ir",
    "depthSensorUniformScale" : 0.0001,
    "depthScale" : "/home/jstraub/data/surround3D/depthCalib_552206000285.png",
    "depthScaleVsDepthModel" : [0.0, 0.0],
    "serialNumber" : "552206000285",
    "description" : "left position on the rig",
    "T_rc" : {
      "R_3x3" : [1, 0, 0, 0, 1, 0, 0, 0, 1], 
      "t_xyz" : [0, 0, 0 ] 
    }
  }
},
{
  "camera" : {
    "model":{
      "type" : "poly3",
      "fu" : 622.7458,
      "fv" : 620.7744,
      "uc" : 311.5871,
      "vc" : 228.0177,
      "distortion" : [0.1721219, -0.4332923, 0.1858059 ]
    },
    "type" : "rgb",
    "serialNumber" : "552206001889",
    "description" : "bottom position on the rig",
    "T_rc" : {
      "R_3x3" : [ -0.0005549197, -0.9975514, 0.0699346, -0.4863307, 0.06137631, 0.8716165, -0.8737746, -0.03352767, -0.485174 ],
      "t_xyz" : [ 0.00946976, -0.755479, 1.25896] 
    }
  }
},
{
  "camera" : {
    "model":{
      "type" : "poly3",
      "fu" : 622.7458,
      "fv" : 620.7744,
      "uc" : 311.5871,
      "vc" : 228.0177,
      "distortion" : [0.1721219, -0.4332923, 0.1858059 ]
    },
    "type" : "ir",
    "depthSensorUniformScale" : 0.0001,
    "depthScale" : "/home/jstraub/data/surround3D/depthCalib_552206001889.png",
    "depthScaleVsDepthModel" : [0.0, 0.0],
    "serialNumber" : "552206001889",
    "description" : "bottom position on the rig",
    "T_rc" : {
      "R_3x3" : [ -0.0005549197, -0.9975514, 0.0699346, -0.4863307, 0.06137631, 0.8716165, -0.8737746, -0.03352767, -0.485174 ],
      "t_xyz" : [ 0.00946976, -0.755479, 1.25896] 
    }
  }
},
{
  "camera" : {
    "model":{
      "type" : "poly3",
      "fu" : 603.2956,
      "fv" : 604.563,
      "uc" : 317.4311,
      "vc" : 235.5336,
      "distortion" : [-0.135445, -0.2637459, -0.01646956]
    },
    "type" : "rgb",
    "serialNumber" : "616203001754",
    "description" : "right position on the rig",
    "T_rc" : {
      "R_3x3" : [-0.9999834, 0.005122397, -0.002620066, 0.005072372, 0.5699394, -0.8216711, -0.002715647, -0.8216708, -0.5699559],
      "t_xyz" : [0.0007777552, 0.7139299, 1.277574]
    }
  }
},
{
  "camera" : {
    "model":{
      "type" : "poly3",
      "fu" : 603.2956,
      "fv" : 604.563,
      "uc" : 317.4311,
      "vc" : 235.5336,
      "distortion" : [-0.135445, -0.2637459, -0.01646956]
    },
    "type" : "ir",
    "depthSensorUniformScale" : 0.0001,
    "depthScale" : "/home/jstraub/data/surround3D/depthCalib_616203001754.png",
    "depthScaleVsDepthModel" : [0.0, 0.0],
    "serialNumber" : "616203001754",
    "description" : "right position on the rig",
    "T_rc" : {
      "R_3x3" : [-0.9999834, 0.005122397, -0.002620066, 0.005072372, 0.5699394, -0.8216711, -0.002715647, -0.8216708, -0.5699559],
      "t_xyz" : [0.0007777552, 0.7139299, 1.277574]
    }
  }
},
]

