[
{
  "camera":{
    "model" : {
      "type" : "poly3",
      "fu" : 604.6687, 
      "fv" : 605.6548,
      "uc" : 311.413,
      "vc" : 244.8874,
      "distortion" : [0.1222235,-0.1980609, -0.1737873]
    },
    "type" : "rgb",
    "serialNumber" : "552206000285",
    "description" : "left position on the rig",
    "T_rc" : {
      "R_3x3" : [1, 0, 0, 0, 1, 0, 0, 0, 1], 
      "t_xyz" : [0, 0, 0 ] 
    }
  }
},
{
  "camera":{
    "model" : {
      "type" : "poly3",
      "fu" : 604.6687, 
      "fv" : 605.6548,
      "uc" : 311.413,
      "vc" : 244.8874,
      "distortion" : [0.1222235,-0.1980609, -0.1737873]
    },
    "type" : "ir",
    "depthSensorUniformScale" : 0.0001,
    "depthScale" : "depthCalib_552206000285.png",
    "depthScaleVsDepthModel" : [0.0, 1.0],
    "serialNumber" : "552206000285",
    "description" : "left position on the rig",
    "T_rc" : {
      "R_3x3" : [1, 0, 0, 0, 1, 0, 0, 0, 1], 
      "t_xyz" : [0, 0, 0 ] 
    }
  }
},
{
  "camera" : {
    "model":{
      "type" : "poly3",
      "fu" : 607.8355,
      "fv" : 607.1657,
      "uc" : 311.2021,
      "vc" : 233.0842,
      "distortion" : [0.1408012,-0.2478766,-0.1354085]
    },
    "type" : "rgb",
    "serialNumber" : "552206001889",
    "description" : "bottom position on the rig",
    "T_rc" : {
      "R_3x3" : [-0.009906889, -0.999231, 0.03793681,-0.04531725, 0.03834834, 0.9982363,-0.9989235, 0.008170224, -0.04566231],
      "t_xyz" : [ -0.00020562,  -0.3475391, 0.3749563 ] 
    }
  }
},
{
  "camera" : {
    "model":{
      "type" : "poly3",
      "fu" : 607.8355,
      "fv" : 607.1657,
      "uc" : 311.2021,
      "vc" : 233.0842,
      "distortion" : [0.1408012,-0.2478766,-0.1354085]
    },
    "type" : "ir",
    "depthSensorUniformScale" : 0.0001,
    "depthScale" : "depthCalib_552206001889.png",
    "depthScaleVsDepthModel" : [0.0, 1.0],
    "serialNumber" : "552206001889",
    "description" : "bottom position on the rig",
    "T_rc" : {
      "R_3x3" : [-0.009906889, -0.999231, 0.03793681,-0.04531725, 0.03834834, 0.9982363,-0.9989235, 0.008170224, -0.04566231],
      "t_xyz" : [ -0.00020562,  -0.3475391, 0.3749563 ] 
    }
  }
},
{
  "camera" : {
    "model":{
      "type" : "poly3",
      "fu" : 602.9402,
      "fv" : 603.4058,
      "uc" : 315.0801,
      "vc" : 240.4757,
      "distortion" : [0.1301081, -0.3398103, 0.1587851 ]
    },
    "type" : "rgb",
    "serialNumber" : "616203001754",
    "description" : "right position on the rig",
    "T_rc" : {
      "R_3x3" : [-0.00280999, -0.99469928,  0.10278805,  0.03911189, -0.10281918, -0.99393084, 0.99923083, 0.0012273,   0.03919349],
      "t_xyz" : [0.00604244, -0.31592826,  1.0772558]
    }
  }
},
{
  "camera" : {
    "model":{
      "type" : "poly3",
      "fu" : 602.9402,
      "fv" : 603.4058,
      "uc" : 315.0801,
      "vc" : 240.4757,
      "distortion" : [0.1301081, -0.3398103, 0.1587851 ]
    },
    "type" : "ir",
    "depthSensorUniformScale" : 0.0001,
    "depthScale" : "depthCalib_616203001754.png",
    "depthScaleVsDepthModel" : [0.0, 1.0],
    "serialNumber" : "616203001754",
    "description" : "right position on the rig",
    "T_rc" : {
      "R_3x3" : [-0.00280999, -0.99469928,  0.10278805,  0.03911189, -0.10281918, -0.99393084, 0.99923083, 0.0012273,   0.03919349],
      "t_xyz" : [0.00604244, -0.31592826,  1.0772558]
    }
  }
},
{
  "camera" : {
    "model":{
      "type" : "poly3",
      "fu" : 612.4567,
      "fv" : 612.3383,
      "uc" : 317.2011,
      "vc" : 233.4844,
      "distortion" : [0.1361814, -0.3155891, 0.06292057 ]
    },
    "type" : "rgb",
    "serialNumber" : "612201006391",
    "description" : "top position on the rig",
    "T_rc" : { 
      "R_3x3" : [0.001314918, -0.9998603, 0.0166632, 0.05014231, -0.01657633, -0.9986045, 0.9987412, 0.002148615, 0.05011351],
      "t_xyz" : [0.007097557, 0.3662327, 0.330914 ]
    }
  }
},
{
  "camera" : {
    "model":{
      "type" : "poly3",
      "fu" : 612.4567,
      "fv" : 612.3383,
      "uc" : 317.2011,
      "vc" : 233.4844,
      "distortion" : [0.1361814, -0.3155891, 0.06292057 ]
    },
    "type" : "ir",
    "depthSensorUniformScale" : 0.0001,
    "depthScale" : "depthCalib_612201006391.png",
    "depthScaleVsDepthModel" : [0.0, 1.0],
    "serialNumber" : "612201006391",
    "description" : "top position on the rig",
    "T_rc" : { 
      "R_3x3" : [0.001314918, -0.9998603, 0.0166632, 0.05014231, -0.01657633, -0.9986045, 0.9987412, 0.002148615, 0.05011351],
      "t_xyz" : [0.007097557, 0.3662327, 0.330914 ]
    }
  }
},
]

