[
{
  "camera":{
    "model" : {
      "type" : "poly3",
      "fu" : 604.6687, 
      "fv" : 605.6548,
      "uc" : 311.413,
      "vc" : 244.8874,
      "distortion" : [0.1222235,-0.1980609, -0.1737873]
    },
    "type" : "rgb",
    "serialNumber" : "552206000285",
    "description" : "left position on the rig",
    "T_rc" : {
      "R_3x3" : [1, 0, 0, 0, 1, 0, 0, 0, 1], 
      "t_xyz" : [0, 0, 0 ] 
    }
  }
},
{
  "camera":{
    "model" : {
      "type" : "poly3",
      "fu" : 604.6687, 
      "fv" : 605.6548,
      "uc" : 311.413,
      "vc" : 244.8874,
      "distortion" : [0.1222235,-0.1980609, -0.1737873]
    },
    "type" : "ir",
    "depthSensorUniformScale" : 0.0001,
    "depthScale" : "depthCalib_552206000285.png",
    "depthScaleVsDepthModel" : [0.0, 1.0],
    "serialNumber" : "552206000285",
    "description" : "left position on the rig",
    "T_rc" : {
      "R_3x3" : [1, 0, 0, 0, 1, 0, 0, 0, 1], 
      "t_xyz" : [0, 0, 0 ] 
    }
  }
},
{
  "camera" : {
    "model":{
      "type" : "poly3",
      "fu" : 607.8355,
      "fv" : 607.1657,
      "uc" : 311.2021,
      "vc" : 233.0842,
      "distortion" : [0.1408012,-0.2478766,-0.1354085]
    },
    "type" : "rgb",
    "serialNumber" : "552206001889",
    "description" : "bottom position on the rig",
    "T_rc" : {
      "R_3x3" : [-0.006617513, -0.99964, 0.02599969, -0.4725079, 0.02604041, 0.8809416, -0.8813016, -0.006455419, -0.4725102],
      "t_xyz" : [0.003558886,-0.311033, 0.5018856] 
    }
  }
},
{
  "camera" : {
    "model":{
      "type" : "poly3",
      "fu" : 607.8355,
      "fv" : 607.1657,
      "uc" : 311.2021,
      "vc" : 233.0842,
      "distortion" : [0.1408012,-0.2478766,-0.1354085]
    },
    "type" : "ir",
    "depthSensorUniformScale" : 0.0001,
    "depthScale" : "depthCalib_552206001889.png",
    "depthScaleVsDepthModel" : [0.0, 1.0],
    "serialNumber" : "552206001889",
    "description" : "bottom position on the rig",
    "T_rc" : {
      "R_3x3" : [-0.006617513, -0.99964, 0.02599969, -0.4725079, 0.02604041, 0.8809416, -0.8813016, -0.006455419, -0.4725102],
      "t_xyz" : [0.003558886,-0.311033, 0.5018856] 
    }
  }
},
{
  "camera" : {
    "model":{
      "type" : "poly3",
      "fu" : 602.9402,
      "fv" : 603.4058,
      "uc" : 315.0801,
      "vc" : 240.4757,
      "distortion" : [0.1301081, -0.3398103, 0.1587851 ]
    },
    "type" : "rgb",
    "serialNumber" : "616203001754",
    "description" : "right position on the rig",
    "T_rc" : {
      "R_3x3" : [-0.9999402, -0.01084004, 0.001463638, -0.007568087, 0.5890089, -0.8080911, 0.007897648, -0.8080539, -0.5890557],
      "t_xyz" : [0.00498775, 0.2838922, 0.5137383 ]
    }
  }
},
{
  "camera" : {
    "model":{
      "type" : "poly3",
      "fu" : 602.9402,
      "fv" : 603.4058,
      "uc" : 315.0801,
      "vc" : 240.4757,
      "distortion" : [0.1301081, -0.3398103, 0.1587851 ]
    },
    "type" : "ir",
    "depthSensorUniformScale" : 0.0001,
    "depthScale" : "depthCalib_616203001754.png",
    "depthScaleVsDepthModel" : [0.0, 1.0],
    "serialNumber" : "616203001754",
    "description" : "right position on the rig",
    "T_rc" : {
      "R_3x3" : [-0.9999402, -0.01084004, 0.001463638, -0.007568087, 0.5890089, -0.8080911, 0.007897648, -0.8080539, -0.5890557],
      "t_xyz" : [0.00498775, 0.2838922, 0.5137383 ]
    }
  }
},
]

