[
{
  "camera":{
    "model" : {
      "type" : "poly3",
      "fu" : 608.6531,
      "fv" : 605.0948,
      "uc" : 312.374,
      "vc" : 232.275,
      "distortion" : [ 0.06097317, 0.2642427, -1.545947]
    },
    "type" : "rgb",
    "serialNumber" : "552206000285",
    "description" : "left position on the rig",
    "T_rc" : {
      "R_3x3" : [1, 0, 0, 0, 1, 0, 0, 0, 1], 
      "t_xyz" : [0, 0, 0 ] 
    }
  }
},
{
  "camera":{
    "model" : {
      "type" : "poly3",
      "fu" : 608.6531,
      "fv" : 605.0948,
      "uc" : 312.374,
      "vc" : 232.275,
      "distortion" : [ 0.06097317, 0.2642427, -1.545947]
    },
    "type" : "ir",
    "depthScale" : "/home/jstraub/data/surround3D/depthCalib_1402270118.png",
    "depthScaleVsDepthModel" : [0.0, 0.0],
    "serialNumber" : "552206000285",
    "description" : "left position on the rig",
    "T_rc" : {
      "R_3x3" : [1, 0, 0, 0, 1, 0, 0, 0, 1], 
      "t_xyz" : [0, 0, 0 ] 
    }
  }
},
{
  "camera" : {
    "model":{
      "type" : "poly3",
      "fu" : 605.0147,
      "fv" : 608.3975,
      "uc" : 312.4828,
      "vc" : 237.5317,
      "distortion" : [0.1316211,0.2146529, -0.2394307]
    },
    "type" : "rgb",
    "serialNumber" : "552206001889",
    "description" : "bottom position on the rig",
    "T_rc" : {
      "R_3x3" : [ 0.002392663, -0.9982759, 0.05864761, -0.4991894, 0.04962549, 0.8650706, -0.8664896, -0.03134609, -0.49821],
      "t_xyz" : [0.003730875, -0.7112607, 1.261523] 
    }
  }
},
{
  "camera" : {
    "model":{
      "type" : "poly3",
      "fu" : 605.0147,
      "fv" : 608.3975,
      "uc" : 312.4828,
      "vc" : 237.5317,
      "distortion" : [0.1316211,0.2146529, -0.2394307]
    },
    "type" : "ir",
    "depthScale" : "/home/jstraub/data/surround3D/depthCalib_1504270177.png",
    "depthScaleVsDepthModel" : [0.0, 0.0],
    "serialNumber" : "552206001889",
    "description" : "bottom position on the rig",
    "T_rc" : {
      "R_3x3" : [ 0.002392663, -0.9982759, 0.05864761, -0.4991894, 0.04962549, 0.8650706, -0.8664896, -0.03134609, -0.49821],
      "t_xyz" : [0.003730875, -0.7112607, 1.261523] 
    }
  }
},
{
  "camera" : {
    "model":{
      "type" : "poly3",
      "fu" : 586.7225,
      "fv" : 189.6644,
      "uc" : 336.3076,
      "vc" : 522.9491,
      "distortion" : [-0.04294802,0.002786513,-7.824937e-05]
    },
    "type" : "rgb",
    "serialNumber" : "616203001754",
    "description" : "right position on the rig",
    "T_rc" : {
      "R_3x3" : [ -0.9996096, 0.005013882, -0.02748672, 0.004134275, 0.9994804, 0.03196512, 0.02763271, 0.031839, -0.999111], 
      "t_xyz" : [-0.002894743, 0.1413636, 1.677587] 
    }
  }
},
{
  "camera" : {
    "model":{
      "type" : "poly3",
      "fu" : 586.7225,
      "fv" : 189.6644,
      "uc" : 336.3076,
      "vc" : 522.9491,
      "distortion" : [-0.04294802,0.002786513,-7.824937e-05]
    },
    "type" : "ir",
    "depthScale" : "/home/jstraub/data/surround3D/depthCalib_1402240016.png",
    "depthScaleVsDepthModel" : [0.0, 0.0],
    "serialNumber" : "616203001754",
    "description" : "right position on the rig",
    "T_rc" : {
      "R_3x3" : [ -0.9996096, 0.005013882, -0.02748672, 0.004134275, 0.9994804, 0.03196512, 0.02763271, 0.031839, -0.999111], 
      "t_xyz" : [-0.002894743, 0.1413636, 1.677587]
    }
  }
},
]

