[
{
  "camera":{
    "model" : {
      "type" : "poly3",
      "fu" : 604.6687, 
      "fv" : 605.6548,
      "uc" : 311.413,
      "vc" : 244.8874,
      "distortion" : [0.1222235,-0.1980609, -0.1737873]
    },
    "type" : "rgb",
    "serialNumber" : "552206000285",
    "description" : "left position on the rig",
    "T_rc" : {
      "R_3x3" : [1, 0, 0, 0, 1, 0, 0, 0, 1], 
      "t_xyz" : [0, 0, 0 ] 
    }
  }
},
{
  "camera":{
    "model" : {
      "type" : "poly3",
      "fu" : 604.6687, 
      "fv" : 605.6548,
      "uc" : 311.413,
      "vc" : 244.8874,
      "distortion" : [0.1222235,-0.1980609, -0.1737873]
    },
    "type" : "ir",
    "depthSensorUniformScale" : 0.0001,
    "depthScale" : "depthCalib_552206000285.png",
    "depthScaleVsDepthModel" : [0.0, 1.0],
    "serialNumber" : "552206000285",
    "description" : "left position on the rig",
    "T_rc" : {
      "R_3x3" : [1, 0, 0, 0, 1, 0, 0, 0, 1], 
      "t_xyz" : [0, 0, 0 ] 
    }
  }
},
{
  "camera" : {
    "model":{
      "type" : "poly3",
      "fu" : 607.8355,
      "fv" : 607.1657,
      "uc" : 311.2021,
      "vc" : 233.0842,
      "distortion" : [0.1408012,-0.2478766,-0.1354085]
    },
    "type" : "rgb",
    "serialNumber" : "552206001889",
    "description" : "bottom position on the rig",
    "T_rc" : {
      "R_3x3" : [ 0.002822269, -0.9997233, 0.02335131, -0.05199165, 0.02317313, 0.9983786, -0.9986435, -0.004031766, -0.05191186 ],
      "t_xyz" : [  -0.001459823, -0.3711823, 0.4032271 ] 
    }
  }
},
{
  "camera" : {
    "model":{
      "type" : "poly3",
      "fu" : 607.8355,
      "fv" : 607.1657,
      "uc" : 311.2021,
      "vc" : 233.0842,
      "distortion" : [0.1408012,-0.2478766,-0.1354085]
    },
    "type" : "ir",
    "depthSensorUniformScale" : 0.0001,
    "depthScale" : "depthCalib_552206001889.png",
    "depthScaleVsDepthModel" : [0.0, 1.0],
    "serialNumber" : "552206001889",
    "description" : "bottom position on the rig",
    "T_rc" : {
      "R_3x3" : [ 0.002822269, -0.9997233, 0.02335131, -0.05199165, 0.02317313, 0.9983786, -0.9986435, -0.004031766, -0.05191186 ],
      "t_xyz" : [  -0.001459823, -0.3711823, 0.4032271 ] 
    }
  }
},
{
  "camera" : {
    "model":{
      "type" : "poly3",
      "fu" : 602.9402,
      "fv" : 603.4058,
      "uc" : 315.0801,
      "vc" : 240.4757,
      "distortion" : [0.1301081, -0.3398103, 0.1587851 ]
    },
    "type" : "rgb",
    "serialNumber" : "616203001754",
    "description" : "right position on the rig",
    "T_rc" : {
      "R_3x3" : [ -0.9999119, 0.009396417, 0.009375493, 0.007666004, 0.9854111, -0.1700183, -0.01083628, -0.1699314, -0.9853963 ],
       "t_xyz" : [  0.003136933, 0.03905218, 0.7491642]
    }
  }
},
{
  "camera" : {
    "model":{
      "type" : "poly3",
      "fu" : 602.9402,
      "fv" : 603.4058,
      "uc" : 315.0801,
      "vc" : 240.4757,
      "distortion" : [0.1301081, -0.3398103, 0.1587851 ]
    },
    "type" : "ir",
    "depthSensorUniformScale" : 0.0001,
    "depthScale" : "depthCalib_616203001754.png",
    "depthScaleVsDepthModel" : [0.0, 1.0],
    "serialNumber" : "616203001754",
    "description" : "right position on the rig",
    "T_rc" : {
        "R_3x3" : [ -0.9999119, 0.009396417, 0.009375493, 0.007666004, 0.9854111, -0.1700183, -0.01083628, -0.1699314, -0.9853963 ],
       "t_xyz" : [  0.003136933, 0.03905218, 0.7491642]
    }
  }
},
{
  "camera" : {
    "model":{
      "type" : "poly3",
      "fu" : 612.4567,
      "fv" : 612.3383,
      "uc" : 317.2011,
      "vc" : 233.4844,
      "distortion" : [0.1361814, -0.3155891, 0.06292057 ]
    },
    "type" : "rgb",
    "serialNumber" : "612201006391",
    "description" : "top position on the rig",
    "T_rc" : { 
      "R_3x3" : [ -0.005101327, -0.999724, 0.02293109, 0.04117596, -0.02312194, -0.9988843, 0.9991389, -0.004151426, 0.04128255],
      "t_xyz" : [ 0.00399786,  0.3879761, 0.3561275 ]
    }
  }
},
{
  "camera" : {
    "model":{
      "type" : "poly3",
      "fu" : 612.4567,
      "fv" : 612.3383,
      "uc" : 317.2011,
      "vc" : 233.4844,
      "distortion" : [0.1361814, -0.3155891, 0.06292057 ]
    },
    "type" : "ir",
    "depthSensorUniformScale" : 0.0001,
    "depthScale" : "depthCalib_612201006391.png",
    "depthScaleVsDepthModel" : [0.0, 1.0],
    "serialNumber" : "612201006391",
    "description" : "top position on the rig",
    "T_rc" : { 
      "R_3x3" : [ -0.005101327, -0.999724, 0.02293109, 0.04117596, -0.02312194, -0.9988843, 0.9991389, -0.004151426, 0.04128255],
      "t_xyz" : [ 0.00399786,  0.3879761, 0.3561275 ]
    }
  }
},
]

