[
{
  "camera":{
    "model" : {
      "type" : "poly3",
      "fu" : 604.6687, 
      "fv" : 605.6548,
      "uc" : 311.413,
      "vc" : 244.8874,
      "distortion" : [0.1222235,-0.1980609, -0.1737873]
    },
    "type" : "rgb",
    "serialNumber" : "552206000285",
    "description" : "left position on the rig",
    "T_rc" : {
      "R_3x3" : [1, 0, 0, 0, 1, 0, 0, 0, 1], 
      "t_xyz" : [0, 0, 0 ] 
    }
  }
},
{
  "camera":{
    "model" : {
      "type" : "poly3",
      "fu" : 604.6687, 
      "fv" : 605.6548,
      "uc" : 311.413,
      "vc" : 244.8874,
      "distortion" : [0.1222235,-0.1980609, -0.1737873]
    },
    "type" : "ir",
    "depthSensorUniformScale" : 0.0001,
    "depthScale" : "depthCalib_552206000285.png",
    "depthScaleVsDepthModel" : [0.0, 1.0],
    "serialNumber" : "552206000285",
    "description" : "left position on the rig",
    "T_rc" : {
      "R_3x3" : [1, 0, 0, 0, 1, 0, 0, 0, 1], 
      "t_xyz" : [0, 0, 0 ] 
    }
  }
},
{
  "camera" : {
    "model":{
      "type" : "poly3",
      "fu" : 607.8355,
      "fv" : 607.1657,
      "uc" : 311.2021,
      "vc" : 233.0842,
      "distortion" : [0.1408012,-0.2478766,-0.1354085]
    },
    "type" : "rgb",
    "serialNumber" : "552206001889",
    "description" : "bottom position on the rig",
    "T_rc" : {
      "R_3x3" : [0.2392325, -0.8959045, -0.3743299,0.2034436, -0.3307161, 0.9215409,-0.9494096, -0.2966175, 0.103148 ],
      "t_xyz" : [1.048096, -2.994931,0.8699915] 
    }
  }
},
{
  "camera" : {
    "model":{
      "type" : "poly3",
      "fu" : 607.8355,
      "fv" : 607.1657,
      "uc" : 311.2021,
      "vc" : 233.0842,
      "distortion" : [0.1408012,-0.2478766,-0.1354085]
    },
    "type" : "ir",
    "depthSensorUniformScale" : 0.0001,
    "depthScale" : "depthCalib_552206001889.png",
    "depthScaleVsDepthModel" : [0.0, 1.0],
    "serialNumber" : "552206001889",
    "description" : "bottom position on the rig",
    "T_rc" : {
      "R_3x3" : [0.2392325, -0.8959045, -0.3743299,0.2034436, -0.3307161, 0.9215409,-0.9494096, -0.2966175, 0.103148 ],
      "t_xyz" : [1.048096, -2.994931,0.8699915] 
    }
  }
},
{
  "camera" : {
    "model":{
      "type" : "poly3",
      "fu" : 602.9402,
      "fv" : 603.4058,
      "uc" : 315.0801,
      "vc" : 240.4757,
      "distortion" : [0.1301081, -0.3398103, 0.1587851 ]
    },
    "type" : "rgb",
    "serialNumber" : "616203001754",
    "description" : "right position on the rig",
    "T_rc" : {
      "R_3x3" : [-0.9530781, -0.2843576, 0.1038404, 0.04996224, -0.4860699, -0.8724906, 0.298573, -0.8263636, 0.4774697 ],
      "t_xyz" : [-0.435739,2.839414, -1.648838 ]
    }
  }
},
{
  "camera" : {
    "model":{
      "type" : "poly3",
      "fu" : 602.9402,
      "fv" : 603.4058,
      "uc" : 315.0801,
      "vc" : 240.4757,
      "distortion" : [0.1301081, -0.3398103, 0.1587851 ]
    },
    "type" : "ir",
    "depthSensorUniformScale" : 0.0001,
    "depthScale" : "depthCalib_616203001754.png",
    "depthScaleVsDepthModel" : [0.0, 1.0],
    "serialNumber" : "616203001754",
    "description" : "right position on the rig",
    "T_rc" : {
      "R_3x3" : [-0.9530781, -0.2843576, 0.1038404, 0.04996224, -0.4860699, -0.8724906, 0.298573, -0.8263636, 0.4774697 ],
      "t_xyz" : [-0.435739,2.839414, -1.648838 ]
    }
  }
},
]

