[
    {
        "camera": {
            "model": {
                "vc": 244.8874, 
                "fu": 604.6687, 
                "fv": 605.6548, 
                "distortion": [
                    0.1222235, 
                    -0.1980609, 
                    -0.1737873
                ], 
                "type": "poly3", 
                "uc": 311.413
            }, 
            "serialNumber": "552206000285", 
            "type": "rgb", 
            "description": "left position on the rig", 
            "T_rc": {
                "t_xyz": [
                    0, 
                    0, 
                    0
                ], 
                "R_3x3": [
                    1, 
                    0, 
                    0, 
                    0, 
                    1, 
                    0, 
                    0, 
                    0, 
                    1
                ]
            }
        }
    }, 
    {
        "camera": {
            "description": "left position on the rig", 
            "type": "ir", 
            "serialNumber": "552206000285", 
            "depthScaleVsDepthModel": [
                0.0, 
                1.0
            ], 
            "depthScale": "depthCalib_552206000285.png", 
            "T_rc": {
                "t_xyz": [
                    0, 
                    0, 
                    0
                ], 
                "R_3x3": [
                    1, 
                    0, 
                    0, 
                    0, 
                    1, 
                    0, 
                    0, 
                    0, 
                    1
                ]
            }, 
            "model": {
                "vc": 244.8874, 
                "fu": 604.6687, 
                "fv": 605.6548, 
                "distortion": [
                    0.1222235, 
                    -0.1980609, 
                    -0.1737873
                ], 
                "type": "poly3", 
                "uc": 311.413
            }, 
            "depthSensorUniformScale": 0.0001
        }
    }, 
    {
        "camera": {
            "model": {
                "vc": 233.0842, 
                "fu": 607.8355, 
                "fv": 607.1657, 
                "distortion": [
                    0.1408012, 
                    -0.2478766, 
                    -0.1354085
                ], 
                "type": "poly3", 
                "uc": 311.2021
            }, 
            "serialNumber": "552206001889", 
            "type": "rgb", 
            "description": "bottom position on the rig", 
            "T_rc": {
                "t_xyz": [
                    -0.001946451, 
                    -0.3712651, 
                    0.4032659
                ], 
                "R_3x3": [
                    0.002114083, 
                    -0.9997261, 
                    0.02330581, 
                    -0.05229802, 
                    0.02316344, 
                    0.9983628, 
                    -0.9986293, 
                    -0.00332947, 
                    -0.05223473
                ]
            }
        }
    }, 
    {
        "camera": {
            "description": "bottom position on the rig", 
            "type": "ir", 
            "serialNumber": "552206001889", 
            "depthScaleVsDepthModel": [
                0.0, 
                1.0
            ], 
            "depthScale": "depthCalib_552206001889.png", 
            "T_rc": {
                "t_xyz": [
                    -0.001946451, 
                    -0.3712651, 
                    0.4032659
                ], 
                "R_3x3": [
                    0.002114083, 
                    -0.9997261, 
                    0.02330581, 
                    -0.05229802, 
                    0.02316344, 
                    0.9983628, 
                    -0.9986293, 
                    -0.00332947, 
                    -0.05223473
                ]
            }, 
            "model": {
                "vc": 233.0842, 
                "fu": 607.8355, 
                "fv": 607.1657, 
                "distortion": [
                    0.1408012, 
                    -0.2478766, 
                    -0.1354085
                ], 
                "type": "poly3", 
                "uc": 311.2021
            }, 
            "depthSensorUniformScale": 0.0001
        }
    }, 
    {
        "camera": {
            "model": {
                "vc": 240.4757, 
                "fu": 602.9402, 
                "fv": 603.4058, 
                "distortion": [
                    0.1301081, 
                    -0.3398103, 
                    0.1587851
                ], 
                "type": "poly3", 
                "uc": 315.0801
            }, 
            "serialNumber": "616203001754", 
            "type": "rgb", 
            "description": "right position on the rig", 
            "T_rc": {
                "t_xyz": [
                    0.004211685, 
                    0.03990077, 
                    0.7489664
                ], 
                "R_3x3": [
                    -0.9996309, 
                    0.01178952, 
                    0.02447652, 
                    0.007409448, 
                    0.98509, 
                    -0.17188, 
                    -0.02613796, 
                    -0.1716352, 
                    -0.9848138
                ]
            }
        }
    }, 
    {
        "camera": {
            "description": "right position on the rig", 
            "type": "ir", 
            "serialNumber": "616203001754", 
            "depthScaleVsDepthModel": [
                0.0, 
                1.0
            ], 
            "depthScale": "depthCalib_616203001754.png", 
            "T_rc": {
                "t_xyz": [
                    0.004211685, 
                    0.03990077, 
                    0.7489664
                ], 
                "R_3x3": [
                    -0.9996309, 
                    0.01178952, 
                    0.02447652, 
                    0.007409448, 
                    0.98509, 
                    -0.17188, 
                    -0.02613796, 
                    -0.1716352, 
                    -0.9848138
                ]
            }, 
            "model": {
                "vc": 240.4757, 
                "fu": 602.9402, 
                "fv": 603.4058, 
                "distortion": [
                    0.1301081, 
                    -0.3398103, 
                    0.1587851
                ], 
                "type": "poly3", 
                "uc": 315.0801
            }, 
            "depthSensorUniformScale": 0.0001
        }
    }, 
    {
        "camera": {
            "model": {
                "vc": 233.4844, 
                "fu": 612.4567, 
                "fv": 612.3383, 
                "distortion": [
                    0.1361814, 
                    -0.3155891, 
                    0.06292057
                ], 
                "type": "poly3", 
                "uc": 317.2011
            }, 
            "serialNumber": "612201006391", 
            "type": "rgb", 
            "description": "top position on the rig", 
            "T_rc": {
                "t_xyz": [
                    0.003661592, 
                    0.3878957, 
                    0.3550139
                ], 
                "R_3x3": [
                    -0.0009631696, 
                    -0.9995104, 
                    0.03127228, 
                    0.03702148, 
                    -0.0312865, 
                    -0.9988246, 
                    0.999314, 
                    0.0001957087, 
                    0.03703349
                ]
            }
        }
    }, 
    {
        "camera": {
            "description": "top position on the rig", 
            "type": "ir", 
            "serialNumber": "612201006391", 
            "depthScaleVsDepthModel": [
                0.0, 
                1.0
            ], 
            "depthScale": "depthCalib_612201006391.png", 
            "T_rc": {
                "t_xyz": [
                    0.003661592, 
                    0.3878957, 
                    0.3550139
                ], 
                "R_3x3": [
                    -0.0009631696, 
                    -0.9995104, 
                    0.03127228, 
                    0.03702148, 
                    -0.0312865, 
                    -0.9988246, 
                    0.999314, 
                    0.0001957087, 
                    0.03703349
                ]
            }, 
            "model": {
                "vc": 233.4844, 
                "fu": 612.4567, 
                "fv": 612.3383, 
                "distortion": [
                    0.1361814, 
                    -0.3155891, 
                    0.06292057
                ], 
                "type": "poly3", 
                "uc": 317.2011
            }, 
            "depthSensorUniformScale": 0.0001
        }
    }
},
]
