[
    {
        "camera": {
            "model": {
                "vc": 244.8874, 
                "fu": 604.6687, 
                "fv": 605.6548, 
                "distortion": [
                    0.1222235, 
                    -0.1980609, 
                    -0.1737873
                ], 
                "type": "poly3", 
                "uc": 311.413
            }, 
            "serialNumber": "552206000285", 
            "type": "rgb", 
            "description": "left position on the rig", 
            "T_rc": {
                "t_xyz": [
                    0, 
                    0, 
                    0
                ], 
                "R_3x3": [
                    1, 
                    0, 
                    0, 
                    0, 
                    1, 
                    0, 
                    0, 
                    0, 
                    1
                ]
            }
        }
    }, 
    {
        "camera": {
            "description": "left position on the rig", 
            "type": "ir", 
            "serialNumber": "552206000285", 
            "depthScaleVsDepthModel": [
                0.0, 
                1.0
            ], 
            "depthScale": "depthCalib_552206000285.png", 
            "T_rc": {
                "t_xyz": [
                    0, 
                    0, 
                    0
                ], 
                "R_3x3": [
                    1, 
                    0, 
                    0, 
                    0, 
                    1, 
                    0, 
                    0, 
                    0, 
                    1
                ]
            }, 
            "model": {
                "vc": 244.8874, 
                "fu": 604.6687, 
                "fv": 605.6548, 
                "distortion": [
                    0.1222235, 
                    -0.1980609, 
                    -0.1737873
                ], 
                "type": "poly3", 
                "uc": 311.413
            }, 
            "depthSensorUniformScale": 0.0001
        }
    }, 
    {
        "camera": {
            "model": {
                "vc": 233.0842, 
                "fu": 607.8355, 
                "fv": 607.1657, 
                "distortion": [
                    0.1408012, 
                    -0.2478766, 
                    -0.1354085
                ], 
                "type": "poly3", 
                "uc": 311.2021
            }, 
            "serialNumber": "552206001889", 
            "type": "rgb", 
            "description": "bottom position on the rig", 
            "T_rc": {
                "t_xyz": [
                    -0.001954186, 
                    -0.371719, 
                    0.4024372
                ], 
                "R_3x3": [
                    0.003353509, 
                    -0.9996803, 
                    0.02506122, 
                    -0.04953793, 
                    0.02486452, 
                    0.9984627, 
                    -0.9987666, 
                    -0.004589835, 
                    -0.04943871
                ]
            }
        }
    }, 
    {
        "camera": {
            "description": "bottom position on the rig", 
            "type": "ir", 
            "serialNumber": "552206001889", 
            "depthScaleVsDepthModel": [
                0.0, 
                1.0
            ], 
            "depthScale": "depthCalib_552206001889.png", 
            "T_rc": {
                "t_xyz": [
                    -0.001954186, 
                    -0.371719, 
                    0.4024372
                ], 
                "R_3x3": [
                    0.003353509, 
                    -0.9996803, 
                    0.02506122, 
                    -0.04953793, 
                    0.02486452, 
                    0.9984627, 
                    -0.9987666, 
                    -0.004589835, 
                    -0.04943871
                ]
            }, 
            "model": {
                "vc": 233.0842, 
                "fu": 607.8355, 
                "fv": 607.1657, 
                "distortion": [
                    0.1408012, 
                    -0.2478766, 
                    -0.1354085
                ], 
                "type": "poly3", 
                "uc": 311.2021
            }, 
            "depthSensorUniformScale": 0.0001
        }
    }, 
    {
        "camera": {
            "model": {
                "vc": 240.4757, 
                "fu": 602.9402, 
                "fv": 603.4058, 
                "distortion": [
                    0.1301081, 
                    -0.3398103, 
                    0.1587851
                ], 
                "type": "poly3", 
                "uc": 315.0801
            }, 
            "serialNumber": "616203001754", 
            "type": "rgb", 
            "description": "right position on the rig", 
            "T_rc": {
                "t_xyz": [
                    0.002083315, 
                    0.03857866, 
                    0.7497283
                ], 
                "R_3x3": [
                    -0.9998415, 
                    0.01267246, 
                    0.01250424, 
                    0.01042486, 
                    0.9861048, 
                    -0.1657972, 
                    -0.01443155, 
                    -0.1656405, 
                    -0.9860806
                ]
            }
        }
    }, 
    {
        "camera": {
            "description": "right position on the rig", 
            "type": "ir", 
            "serialNumber": "616203001754", 
            "depthScaleVsDepthModel": [
                0.0, 
                1.0
            ], 
            "depthScale": "depthCalib_616203001754.png", 
            "T_rc": {
                "t_xyz": [
                    0.002083315, 
                    0.03857866, 
                    0.7497283
                ], 
                "R_3x3": [
                    -0.9998415, 
                    0.01267246, 
                    0.01250424, 
                    0.01042486, 
                    0.9861048, 
                    -0.1657972, 
                    -0.01443155, 
                    -0.1656405, 
                    -0.9860806
                ]
            }, 
            "model": {
                "vc": 240.4757, 
                "fu": 602.9402, 
                "fv": 603.4058, 
                "distortion": [
                    0.1301081, 
                    -0.3398103, 
                    0.1587851
                ], 
                "type": "poly3", 
                "uc": 315.0801
            }, 
            "depthSensorUniformScale": 0.0001
        }
    }, 
    {
        "camera": {
            "model": {
                "vc": 233.4844, 
                "fu": 612.4567, 
                "fv": 612.3383, 
                "distortion": [
                    0.1361814, 
                    -0.3155891, 
                    0.06292057
                ], 
                "type": "poly3", 
                "uc": 317.2011
            }, 
            "serialNumber": "612201006391", 
            "type": "rgb", 
            "description": "top position on the rig", 
            "T_rc": {
                "t_xyz": [
                    0.003767633, 
                    0.3883792, 
                    0.3550931
                ], 
                "R_3x3": [
                    -0.0001025407, 
                    -0.9996835, 
                    0.02515676, 
                    0.03734098, 
                    -0.02514304, 
                    -0.9989862, 
                    0.9993026, 
                    0.0008369413, 
                    0.03733174
                ]
            }
        }
    }, 
    {
        "camera": {
            "description": "top position on the rig", 
            "type": "ir", 
            "serialNumber": "612201006391", 
            "depthScaleVsDepthModel": [
                0.0, 
                1.0
            ], 
            "depthScale": "depthCalib_612201006391.png", 
            "T_rc": {
                "t_xyz": [
                    0.003767633, 
                    0.3883792, 
                    0.3550931
                ], 
                "R_3x3": [
                    -0.0001025407, 
                    -0.9996835, 
                    0.02515676, 
                    0.03734098, 
                    -0.02514304, 
                    -0.9989862, 
                    0.9993026, 
                    0.0008369413, 
                    0.03733174
                ]
            }, 
            "model": {
                "vc": 233.4844, 
                "fu": 612.4567, 
                "fv": 612.3383, 
                "distortion": [
                    0.1361814, 
                    -0.3155891, 
                    0.06292057
                ], 
                "type": "poly3", 
                "uc": 317.2011
            }, 
            "depthSensorUniformScale": 0.0001
        }
    },
]