[
{
  "camera":{
    "model" : {
      "type" : "poly3",
      "fu" : 538.4258,
      "fv" : 537.3621,
      "uc" : 311.0811,
      "vc" : 238.7801,
      "distortion" : [ 0.05804268, -0.2323788, 0.1970008 ]
    },
    "type" : "rgb",
    "serialNumber" : "1402270118",
    "description" : "upper position on the rig",
    "T_rc" : {
      "R_3x3" : [0.999998, 0.0002779612, -0.001969664, -0.001430948, 0.7883379, -0.6152408, 0.001381748, 0.6152424, 0.7883368], 
      "t_xyz" : [-0.0004833491, -0.01971043,0.007472959 ] 
    }
  }
},
{
  "camera":{
    "model" : {
      "type" : "poly3",
      "fu" : 5.7934830826096436e+02, 
      "fv" : 5.7747493467278173e+02,
      "uc" : 3.1455418250053361e+02,
      "vc" : 2.4590903687276767e+02,
      "distortion" : [-2.2402676580979382e-02, -1.3685306436847766e-01, 2.2972261889183682e-01]
    },
    "type" : "ir",
    "depthScale" : "depthCalib_1402270118.png",
    "depthScaleVsDepthModel" : [-2.49179026e-05, 9.98446275e-01],
    "serialNumber" : "1402270118",
    "description" : "upper position on the rig",
    "T_rc" : {
      "R_3x3" : [0.999998, 0.0002779612, -0.001969664, -0.001430948, 0.7883379, -0.6152408, 0.001381748, 0.6152424, 0.7883368], 
      "t_xyz" : [-0.0004833491, -0.01971043,0.007472959 ] 
    }
  }
},
{
  "camera" : {
    "model":{
      "type" : "poly3",
      "fu" : 537.2258,
      "fv" : 537.1214,
      "uc" : 319.8675,
      "vc" : 239.4572,
      "distortion" : [0.06492601, -0.2724109, 0.2865513]
    },
    "type" : "rgb",
    "serialNumber" : "1504270177",
    "description" : "middle position on the rig",
    "T_rc" : {
      "R_3x3" : [0.9999999, 0.0003635355, -0.000399747, -0.0003667794, 0.9999668, -0.008144984, 0.0003967727, 0.00814513, 0.9999667], 
      "t_xyz" : [-0.0005827899, -0.002767716, 0.01228927] 
    }
  }
},
{
  "camera" : {
    "model":{
      "type" : "poly3",
      "fu" : 5.8031660454179587e+02,
      "fv" : 5.7934783577737051e+02,
      "uc" : 3.2290204775549574e+02,
      "vc" : 2.4070078941661976e+02,
      "distortion" : [-4.1974011114144755e-02, -1.2303214579429905e-01, 3.5486807824237893e-01]
    },
    "type" : "ir",
    "depthScale" : "depthCalib_1504270177.png",
    "depthScaleVsDepthModel" : [0.04643019, 0.91754022],
    "serialNumber" : "1504270177",
    "description" : "middle position on the rig",
    "T_rc" : {
      "R_3x3" : [0.9999999, 0.0003635355, -0.000399747, -0.0003667794, 0.9999668, -0.008144984, 0.0003967727, 0.00814513, 0.9999667], 
      "t_xyz" : [-0.0005827899, -0.002767716, 0.01228927] 
    }
  }
},
{
  "camera" : {
    "model":{
      "type" : "poly3",
      "fu" : 537.5463,
      "fv" : 536.4478,
      "uc" : 313.5894,
      "vc" : 243.5083,
      "distortion" : [0.07766051, -0.3148547, 0.3002543 ]
    },
    "type" : "rgb",
    "serialNumber" : "1402240016",
    "description" : "lower position on the rig",
    "T_rc" : {
      "R_3x3" : [0.9999312, 0.01155722, -0.002015404, -0.007843903, 0.7863729, 0.6177023, 0.008723779, -0.6176439, 0.7864095], 
      "t_xyz" : [0.0006066634,0.0121209, 0.006910392 ] 
    }
  }
},
{
  "camera" : {
    "model":{
      "type" : "poly3",
      "fu" : 5.7345745467692427e+02,
      "fv" : 5.7122053584516084e+02,
      "uc" : 3.2410836113205056e+02,
      "vc" : 2.4723452756862739e+02,
      "distortion" : [-5.6616880928243379e-02, -8.8300782564511932e-02, 2.7328651572815199e-01 ]
    },
    "type" : "ir",
    "depthScale" : "depthCalib_1402240016.png",
    "depthScaleVsDepthModel" : [-0.00404071, 1.00530972],
    "serialNumber" : "1402240016",
    "description" : "lower position on the rig",
    "T_rc" : {
      "R_3x3" : [0.9999312, 0.01155722, -0.002015404, -0.007843903, 0.7863729, 0.6177023, 0.008723779, -0.6176439, 0.7864095], 
      "t_xyz" : [0.0006066634,0.0121209, 0.006910392 ] 
    }
  }
},
{
  "imu": {
    "type": "3dmgx3_45",
    "T_ri" : { 
      "R_3x3": [0, 0, -1, 0, -1, 0, -1, 0, 0],
      "t_xyz": [0, 0, 0]
    }
  }
},
]

